Captum Explanations for first test sample:
Integrated Gradients: [[-1036.8038     819.0006    -980.6126     855.1277   -1020.8349
     36.67431  -1049.3936     831.9891      36.641346  1005.0797  ]]
Layer Conductance (fc1): [[-1.55781393e+01  0.00000000e+00  1.45165415e+01 -1.15192423e+01
   1.18315010e+01 -1.02287817e+01 -1.50535240e+01 -1.11737080e+01
  -1.87354031e+01 -5.04503632e+00 -1.91062498e+00 -1.32176571e+01
  -1.57102432e+01 -1.25381889e+01 -5.13877916e+00  0.00000000e+00
  -1.83155270e+01 -6.34363270e+00  0.00000000e+00  5.28155804e+00
   2.35582657e+01 -1.38618124e+00 -1.54391632e+01  9.46814632e+00
  -7.47347641e+00  1.30367708e+01 -8.23734188e+00 -1.62149307e+02
  -5.99877214e+00 -1.70036924e+00  4.57337151e+01 -1.06497536e+01
   1.01353474e+01 -4.79003811e+00 -1.93980103e+01 -1.54864502e+01
   1.04772625e+01  3.08416405e+01 -1.49919538e+01  1.08579655e+01
  -1.11124544e+01 -4.22306490e+00 -1.07615852e+01  2.67951565e+01
   2.61609516e+01  4.81514549e+01  5.57793350e+01 -1.27919855e+01
  -9.05638409e+00 -5.44222072e-02  2.11858439e+00 -9.09343624e+00
   0.00000000e+00 -9.56456852e+00 -8.86415291e+00 -1.64284729e+02
  -9.92383957e+00  1.02481282e+00  1.29845743e+01 -1.61215805e+02
  -1.08911238e+01 -1.29052095e+01 -7.82248640e+00  9.43703747e+00]]
Neuron Conductance (fc1, neuron 0): [[-23.883745   19.371536  -23.666216   18.1446    -22.46619     0.8037873
  -25.729454   17.29336     0.838757   24.01034  ]]
